
Exploratory Statistics for all_extracted.csv
Total Entries: 36340
Mean: -0.489157952669235
Median: 0.0
Sum: -17776
Max: 4
Min: -4
STD: 1.0037318329544402
SE: 0.005265325646963992
Variance: 1.0074775924860804